Matriz A:
3 5 9 1 
5 10 3 2 
6 4 7 9 
2 7 10 8 

Matriz B:
3 5 9 1 
5 10 3 2 
6 4 7 9 
2 7 10 8 

Resultado de la multiplicación:
90 108 115 102 
87 151 116 68 
98 161 205 149 
117 176 189 170 
